960
84000
221184
4704
120
816
1600
82944
4488
29250
8400
10710
42000
5376
3240
72900
10
8015864
10500
8208
2070
306180
200000
7776
614400
18432
105
491520
22176
576
4752
65
23
49280
4943
42768
36960
40824
8
95040
27184698
19800
67
7392
1000000
27
414720
15876
24300
91857
40
28
21000
2400
4410
697106497
99
110592
17550
44
23100
115248
180
70000
4620
7128
9408
9240
322560
67893369
77
128000
15680
16128
2200
112000
20736
142560
655360
2431
42755209
6765
44928
112
938017885
44550
725573
21840
21870
14040
83
131980
97200
10000
96000
16000
117
150528
10240
136080
22500
4608
904152917
36864
1100
8960
9000
100696425
38497
49392
9504
388800
1001
9180
7296
126720
26460
226151256
37440
294912
181440
96
153600
33
954158175
8347
115200
56
3371
32768
327680
1440
59136
54432
587234
8000
29400
12150
6037
1848
76
375000
4000
998506315
14
14688
276480
93
28672
472392
124
5
58800
17280
360000
4050
1584
27216
486000
2403381
38880
1000000000
94
5721
32
37
57624
43200
13680
259200
1056
131
9600
60
82268566
29160
31500
34111
84240
94500
78000
64512
409342369
393216
116640
583200
40950
66
12000
3584
63000
257
170
32805
2520
5616
22464
14400
20480
45
1134
5297
272160
630
71805
165888
194241
476014
135
27456
466560
324000
76800
81920
9450
20160
48510
20328
240000
54
457481
35
10800
787320
999999999
103
5044
35280
1920
75
10080
71
17820
110
47040
5625
252000
3780
813
230400
75264
21384
60480
101
172032
244944
900360029
89600
2268
288000
1386
101250
967669583
688978813
3864
72000
519
23328
7
17
192
25600
981028563
20592
1728
129
85536
70200
8372259
78750
7560
32076
118
2097152
301056
17136
4160
34848
536870912
361
336000
8316
302400
653477439
211680
33108
7785
46
162000
340200
132300
102
107520
85881
5600
7056
50000
660
85712697
111
25200
25490988
92160
31752
1632
21383
109
105840
665
864
672
215040
57
57600
673921
3456
633
163840
15840
79
91
50
6480
127
432000
7290
20000
307200
448
68
18240
127008
120000
501
79548
420
3157819
224
6750
84
1817
6075
118272
55296
805306368
186624
122877509
94080
13860
8772
699840
8250
641
71280
3168
268800
396
27720
900
14700
8550
5767201
33792
18000
13122
74
98304
4560
969
4312
2025
124416
38
364500
916855204
346742385
21504
32256
58
4733
323
314928
34944
11000
42336
3510
1824
49920
11264
5184
9489
7920
768
3645
64800
20
621008
3
56448
1215
696
15
39600
98415
80640
999999998
999999937
912
2352
15288
6804
18720
18
15120
209952
87480
300
169344
2720
2560
5250
1001604
22
8448
3000
21168
5073
70400
54600
69
21952
104
33401221
123480
989447237
31200
262440
90720
24576
105000
17424
204120
2
311040
24696
524288
65610
107
2688
80949857
26
142884
12768
168960
9425
5940
40320
1615
1048576
4536
42120
99000
11
12800
122880
12672
6399199
49
373248
97
139968
10260
7025
15750
17640
2430
16
51
442368
74880
4374
5304
28000
13500
21600
248832
19656
810
121
179200
552960
89
241920
104976
524880
35640
983900459
92
180000
5000
84579
79200
43
459270
7040
322081025
6400
3312
987
474
34
2250
3960
34300
12870
50544
300000
1512
1890
9
16380
26880
25
21
32670
92317161
18816
646
5657
48600
25920
16524
4896
94770
1836
103680
189
2340
88704
2592
58320
80
2000
1741
1680
87
4788
393660
66150
47
7389
3264
36
3564
29
93312
279936
168000
41600
96768
30973
66528
8976
133650
47628
1008
964532929
182250
4675
100800
108
64680
430080
68040
33696
5824
5400
54880
122
138240
3900
22680
432255
282791
18480
33600
6720
196608
8087519
69120
82
64152
72576
123
163296
34560
2600
198450
34020
5520
19200
129024
7200
114688
50688
31104
12288
157464
216
23115571
640
1944
135000
4320
48000
4032
10752
362880
395
518400
14256
3072
368640
59400
115
2640
201600
194400
559
24480
9827
12544
1323
8640
36283838
8424
28800
7500
81
6541551
60000
202500
622080
35100
9800
473
8748
4914
11232
4725
141120
67584
16320
147456
2304
48238
59
110250
62208
281250
13824
441
7390
49000
160
57344
86016
61740
85050
125
1260
16800
22848
4200
49896
2016
42105
2156
235200
118263990
1620
29700
13056
391
84480
32400
75600
217728
349920
67500
31590
39936
164640
546750
2730
9100
129600
922505446
216000
8624
7938
16224
480000
62
2736
926315427
3696
76032
83160
7680
3509575
2906162
102060
30240
786432
56700
12960
1960
55
53760
5808
52
51840
2618049
408240
11664
40960
15552
3528
33750
105600
998244353
3375
64922375
5280
17920
331776
56160
46080
45360
589833267
2376
112896
43740
1671
6300
45000
23400
986129769
92400
70
131220
345600
42
41580
32640
48
19440
24000
63180
4800
625433749
126
53
106
288
161280
233280
86
6552
95
226800
74088
78
58054077
61966
81000
88
151200
2160
14112
37800
2940
99840
5200
2880
73728
113
98
35503
5760
468
63
8660
546
73
11016
25002
85
4158
29952
65536
172800
2100
482421315
1530
214573
934
67200
193536
7897861
51030
256000
243000
176400
89100
47958485
23040
949106497
70235461
5120
95256
24
52920
10368
7455307
184320
270000
43680
11085765
52800
13
150000
3600
70560
118800
192000
1701
119
1
2707
27000
10560
460800
41472
54000
121500
28512
8100
4539685
4480
9409159
236250
108864
57024
15400
517759
2310
281
125440
31680
6840
9900
567
5601
1500
50400
5040
44800
14336
245760
24750
16200
49500
961175759
1800
225792
30030
320
14560
12348
29120
38016
6
24192
81648
1904
12240
8826131
29484
46464
32000
1520
134400
16464
4680
405000
61440
52488
48384
144000
170100
13230
207360
3120
792
291600
31
49152
23760
128
9216
69984
510205
4
72
8320
540
30
47473
86400
63360
38400
3360
700
69888
362
30720
12096
6930
782
155520
145800
11340
1764
3024
28080
132000
90
22950
174960
994617
957262828
1249
116
504
8064
4655
13440
145152
19008
63504
77760
96228
108000
746803744
53940
23232
193
5346
64
