65
6396320710057362 7814230344468181 3183274048075890
9 9 2395440648063235
10 17 370045965243845
5 7 4495587747091262
10 13 11234567890
26597 37816 4245730305851899
4 6 7754441745231444
5 1 100
49127 75508 3693288613316216
8025714536856354 9903000027803061 904922510325972
314 512 133769420
2 3 5
74036 112850 549053549625598
10 10 4042027009034951
4 4 4198590241362000
1 1 7851116204037232
6761462000443010 904477908128201 3043816924959190
6 9 2903294259185990
7 12 6439637337963783
5 9 2462869142646418
314 512 1024
3 5 840843200459482
7861 11257 5477539912208008
13973 26419 3513626523439425
4 7 6988873275022466
725831654114702 4541733210835335 2742887072719959
259149987802241 6689368820300403 3534721002568495
60280 106158 382504020903546
74116 111994 1493371909130523
19716 29416 841088842498107
8272 10247 5338458442301888
2 3 1
1 1000000000000 1000000000000
1000000000000 1 1000000000000
1 1000000000000 1
9334 14595 5458585253152592
1 1 6044898352400565
3626621529746551 3995165959615617 3319701929960343
5 8 550103143310362
2 3 2
2 2 1081292147434158
6 6 3465509398779757
10 13 3337041873753082
2 2 9825445613196928
9 17 7379218941168776
7 7 6977204123379581
2 2 5384712727499747
6 9 497087563
10 13 8839845532190096
4 4 1760792368134037
52245 85277 3528041057867931
4175966084693454 5040165207533386 1846283425419327
48878 70096 1422160026469748
1000000000000 1 1
2 3 9429605562755370
1 3 100
9545048558841825 6899255672076999 9272818149758853
9 10 9259928947805118
99838 101928 3638110057611840
1 1 3771679948420674
4 6 2271224666368145
5089 7407 1785197717173513
19749 37179 1140508669256069
59617 76399 8216425361382011
1 1 1000000000000
