Case #1: 7 2 4 5 5 5 6 14 
Case #2: 8 2 4 4 4 4 6 8 9 
Case #3: 5 1 4 7 8 21 
Case #4: 9 1 1 1 1 1 1 1 4 30 
Case #5: 11 1 1 1 1 1 1 1 1 4 12 17 
Case #6: 3 8 8 25 
Case #7: 8 1 2 4 4 4 8 9 9 
Case #8: 7 1 1 1 4 6 11 17 
Case #9: 8 1 1 3 3 5 5 10 13 
Case #10: 5 2 5 5 8 21 
Case #11: 6 1 3 3 7 10 17 
Case #12: 6 3 4 5 5 10 14 
Case #13: 4 4 8 8 21 
Case #14: 4 2 6 15 18 
Case #15: 7 3 3 3 5 6 6 15 
Case #16: 32 1 1 1 1 1 1 1 1 1 1 1 1 1 1 1 1 1 1 1 1 1 1 1 1 1 1 1 1 1 1 1 10 
Case #17: -1
Case #18: 6 1 4 5 5 5 21 
Case #19: 6 1 2 4 6 9 19 
Case #20: 6 1 1 3 3 10 23 
Case #21: 9 3 3 3 3 3 3 6 7 10 
Case #22: 9 1 2 4 4 5 5 5 5 10 
Case #23: 4 6 8 9 18 
Case #24: 10 1 4 4 4 4 4 4 5 5 6 
Case #25: 7 1 2 4 4 4 8 18 
Case #26: 5 1 1 1 3 35 
Case #27: 9 3 4 4 4 4 4 4 4 10 
Case #28: 5 4 6 6 11 14 
Case #29: 8 1 1 1 1 1 2 16 18 
Case #30: 4 4 6 9 22 
Case #31: 25 1 1 1 1 1 1 1 1 1 1 1 1 1 1 1 1 1 1 1 1 1 1 1 5 13 
Case #32: 19 1 1 1 1 1 1 1 1 1 1 1 1 1 1 1 1 1 1 23 
Case #33: 7 1 4 4 4 7 10 11 
Case #34: -1
Case #35: 6 2 4 6 9 9 11 
Case #36: 6 3 4 4 5 11 14 
Case #37: 6 3 3 6 6 9 14 
Case #38: 34 1 1 1 1 1 1 1 1 1 1 1 1 1 1 1 1 1 1 1 1 1 1 1 1 1 1 1 1 1 1 1 1 1 8 
Case #39: 7 3 3 4 4 6 10 11 
Case #40: -1
Case #41: 5 4 5 6 11 15 
Case #42: -1
Case #43: 5 2 4 6 7 22 
Case #44: -1
Case #45: 15 1 1 1 1 1 1 1 1 1 1 1 1 1 1 27 
Case #46: 9 3 3 3 4 4 4 4 6 10 
Case #47: 6 3 3 3 4 7 21 
Case #48: 7 1 3 3 3 6 10 15 
Case #49: -1
Case #50: 2 1 40 
Case #51: 14 1 1 1 1 1 1 1 1 1 1 1 1 1 28 
Case #52: 6 1 5 5 6 10 14 
Case #53: 4 2 6 8 25 
Case #54: 4 3 7 10 21 
Case #55: -1
Case #56: 7 1 1 1 1 1 3 33 
Case #57: 7 4 4 4 4 4 9 12 
Case #58: 6 2 3 3 5 13 15 
Case #59: 19 1 1 1 1 1 1 1 1 1 1 1 1 1 1 1 1 1 2 22 
Case #60: 5 5 5 6 11 14 
Case #61: 8 1 2 4 6 7 7 7 7 
Case #62: 7 1 1 1 1 1 6 30 
Case #63: 8 1 2 4 5 5 5 5 14 
Case #64: 5 1 5 6 7 22 
Case #65: 5 3 3 4 9 22 
Case #66: 6 1 4 4 4 7 21 
Case #67: 5 3 4 5 7 22 
Case #68: 9 2 3 3 4 4 4 4 7 10 
Case #69: -1
Case #70: 25 1 1 1 1 1 1 1 1 1 1 1 1 1 1 1 1 1 1 1 1 1 1 1 7 11 
Case #71: 7 4 4 4 4 5 10 10 
Case #72: 5 4 4 5 14 14 
Case #73: 6 2 4 4 4 6 21 
Case #74: 6 1 1 2 5 10 22 
Case #75: 7 4 4 4 5 5 5 14 
Case #76: 6 2 4 4 4 9 18 
Case #77: 8 3 3 3 3 4 4 10 11 
Case #78: 9 4 4 4 4 4 4 4 5 8 
Case #79: 3 11 13 17 
Case #80: -1
Case #81: -1
Case #82: 7 1 4 4 4 6 9 13 
Case #83: 11 1 1 1 1 1 1 1 1 1 4 28 
Case #84: -1
Case #85: 6 3 3 5 9 10 11 
Case #86: -1
Case #87: 6 2 3 4 5 13 14 
Case #88: 6 2 3 3 9 9 15 
Case #89: 5 3 4 6 13 15 
Case #90: -1
Case #91: -1
Case #92: 8 2 3 3 3 4 5 6 15 
Case #93: 5 1 10 10 10 10 
Case #94: 7 4 4 4 4 5 5 15 
Case #95: 6 1 2 8 10 10 10 
Case #96: 21 1 1 1 1 1 1 1 1 1 1 1 1 1 1 1 1 1 1 1 9 13 
Case #97: 8 1 4 4 4 6 7 7 8 
Case #98: 6 1 4 4 4 8 20 
Case #99: 8 3 3 3 3 4 5 6 14 
Case #100: 5 5 5 6 10 15 
Case #101: 7 1 1 1 4 8 8 18 
Case #102: -1
Case #103: 8 1 2 4 4 4 4 4 18 
Case #104: 7 1 1 1 1 5 10 22 
Case #105: 5 1 8 8 10 14 
Case #106: 5 2 4 5 15 15 
Case #107: -1
Case #108: -1
Case #109: 6 3 4 6 7 7 14 
Case #110: 5 3 4 6 6 22 
Case #111: 9 3 3 3 3 4 4 5 6 10 
Case #112: 13 1 1 1 1 1 1 1 1 1 1 7 11 13 
Case #113: 5 2 3 9 10 17 
Case #114: 5 2 4 4 12 19 
Case #115: 8 2 3 3 4 4 4 10 11 
Case #116: 7 1 3 3 3 7 10 14 
Case #117: -1
Case #118: 6 2 4 6 6 10 13 
Case #119: 8 4 4 4 4 4 4 8 9 
Case #120: 9 2 3 3 3 3 4 4 5 14 
Case #121: 15 1 1 1 1 1 1 1 1 1 1 1 1 1 4 24 
Case #122: 8 2 3 4 4 4 4 10 10 
Case #123: 9 1 1 1 1 1 1 1 1 33 
Case #124: -1
Case #125: -1
Case #126: 8 2 3 4 4 4 4 5 15 
Case #127: 13 1 1 1 1 1 1 1 1 1 1 1 2 28 
Case #128: -1
Case #129: 7 1 4 4 4 4 8 16 
Case #130: 10 1 2 4 4 4 4 4 4 4 10 
Case #131: 4 3 4 4 30 
Case #132: 7 1 4 4 6 7 8 11 
Case #133: 7 2 3 3 4 6 9 14 
Case #134: -1
Case #135: 7 1 1 1 8 10 10 10 
Case #136: 6 2 3 5 7 10 14 
Case #137: 6 2 3 3 3 15 15 
Case #138: -1
Case #139: 4 2 3 14 22 
Case #140: 3 1 2 38 
Case #141: 9 1 4 5 5 5 5 5 5 6 
Case #142: 6 1 2 4 4 5 25 
Case #143: -1
Case #144: 28 1 1 1 1 1 1 1 1 1 1 1 1 1 1 1 1 1 1 1 1 1 1 1 1 1 1 1 14 
Case #145: 6 1 4 4 6 9 17 
Case #146: 8 3 4 4 4 4 6 6 10 
Case #147: 9 1 1 1 1 1 1 1 3 31 
Case #148: 7 1 2 4 4 8 8 14 
Case #149: 10 2 3 3 3 3 3 3 6 6 9 
Case #150: 8 1 1 1 1 1 1 4 31 
Case #151: 37 1 1 1 1 1 1 1 1 1 1 1 1 1 1 1 1 1 1 1 1 1 1 1 1 1 1 1 1 1 1 1 1 1 1 1 1 5 
Case #152: 6 4 5 5 6 7 14 
Case #153: 6 1 4 4 8 9 15 
Case #154: 9 2 3 3 4 4 5 5 5 10 
Case #155: 6 1 3 3 3 6 25 
Case #156: 5 1 1 8 9 22 
Case #157: 7 3 3 3 3 4 4 21 
Case #158: 10 2 3 3 3 3 3 4 5 5 10 
Case #159: -1
Case #160: 6 3 4 4 6 9 15 
Case #161: -1
Case #162: -1
Case #163: -1
Case #164: 10 1 1 1 1 1 1 1 1 1 32 
Case #165: 5 1 1 1 1 37 
Case #166: 9 1 1 1 4 6 7 7 7 7 
Case #167: 7 2 3 3 4 4 10 15 
Case #168: 6 2 3 3 4 10 19 
Case #169: 8 3 3 4 4 5 6 6 10 
Case #170: 6 1 1 1 4 12 22 
Case #171: -1
Case #172: 4 8 8 10 15 
Case #173: 11 1 1 1 1 1 1 1 1 1 2 30 
Case #174: -1
Case #175: 6 2 3 6 6 9 15 
Case #176: 7 1 3 3 5 5 10 14 
Case #177: -1
Case #178: 8 2 3 3 3 3 4 10 13 
Case #179: 7 3 3 5 5 5 6 14 
Case #180: 8 1 2 4 5 5 5 6 13 
Case #181: 7 2 4 4 4 4 9 14 
Case #182: -1
Case #183: 10 1 2 4 4 4 4 4 4 6 8 
Case #184: 8 3 3 3 3 4 4 6 15 
Case #185: 10 3 3 3 3 3 3 4 4 5 10 
Case #186: 6 3 3 5 7 10 13 
Case #187: 8 1 1 1 1 1 1 2 33 
Case #188: 5 2 4 10 10 15 
Case #189: 5 1 2 8 14 16 
Case #190: 6 5 5 5 6 6 14 
Case #191: -1
Case #192: 4 1 1 5 34 
Case #193: 9 1 1 3 3 3 3 3 9 15 
Case #194: 6 1 1 2 6 10 21 
Case #195: 6 2 3 3 3 4 26 
Case #196: 6 1 4 6 8 9 13 
Case #197: 5 2 6 8 10 15 
Case #198: 7 1 4 4 4 4 4 20 
Case #199: 25 1 1 1 1 1 1 1 1 1 1 1 1 1 1 1 1 1 1 1 1 1 1 1 3 15 
Case #200: 8 1 1 1 1 1 6 9 21 
Case #201: -1
Case #202: 9 2 3 3 3 3 4 6 7 10 
Case #203: 6 1 1 1 2 15 21 
Case #204: -1
Case #205: 9 1 2 4 4 4 4 4 9 9 
Case #206: -1
Case #207: -1
Case #208: 19 1 1 1 1 1 1 1 1 1 1 1 1 1 1 1 1 1 9 15 
Case #209: 7 1 2 4 4 6 11 13 
Case #210: 10 2 3 3 3 3 3 4 4 6 10 
Case #211: 9 2 3 3 3 4 5 5 6 10 
Case #212: 8 1 4 4 4 4 4 5 15 
Case #213: 8 1 2 4 4 4 8 8 10 
Case #214: 6 1 3 5 5 6 21 
Case #215: 6 3 4 4 4 5 21 
Case #216: 6 3 3 7 7 10 11 
Case #217: 7 1 1 4 6 7 11 11 
Case #218: 8 2 4 4 5 5 5 6 10 
Case #219: 14 1 1 1 1 1 1 1 1 1 1 1 1 2 27 
Case #220: -1
Case #221: 7 1 1 1 1 1 1 35 
Case #222: 5 3 4 4 15 15 
Case #223: 11 3 3 3 3 3 3 3 3 3 4 10 
Case #224: -1
Case #225: -1
Case #226: -1
Case #227: 6 3 3 4 7 10 14 
Case #228: 5 1 1 8 15 16 
Case #229: 15 1 1 1 1 1 1 1 1 1 1 1 1 1 3 25 
Case #230: 6 1 4 4 5 6 21 
Case #231: -1
Case #232: 7 2 3 3 3 3 5 22 
Case #233: 16 1 1 1 1 1 1 1 1 1 1 1 1 1 1 5 22 
Case #234: 7 1 4 4 5 6 7 14 
Case #235: 5 3 3 5 5 25 
Case #236: 8 3 3 4 4 5 5 7 10 
Case #237: 5 1 3 6 10 21 
Case #238: -1
Case #239: 8 2 4 4 4 5 6 6 10 
Case #240: 7 2 4 4 4 6 7 14 
Case #241: 7 3 3 3 3 3 4 22 
Case #242: 7 3 3 3 4 4 10 14 
Case #243: -1
Case #244: 8 3 4 4 4 4 4 4 14 
Case #245: 10 2 3 3 3 3 3 3 3 4 14 
Case #246: -1
Case #247: 8 1 4 4 4 4 5 5 14 
Case #248: 7 1 1 1 2 6 9 21 
Case #249: 8 3 4 4 4 5 5 6 10 
Case #250: 6 1 1 1 7 9 22 
Case #251: 8 2 3 3 3 5 5 5 15 
Case #252: -1
Case #253: -1
Case #254: 5 1 4 6 7 23 
Case #255: 7 2 4 4 5 5 6 15 
Case #256: -1
Case #257: 6 3 3 4 4 9 18 
Case #258: 35 1 1 1 1 1 1 1 1 1 1 1 1 1 1 1 1 1 1 1 1 1 1 1 1 1 1 1 1 1 1 1 1 1 1 7 
Case #259: 25 1 1 1 1 1 1 1 1 1 1 1 1 1 1 1 1 1 1 1 1 1 1 1 1 17 
Case #260: 11 1 1 1 1 1 1 1 1 1 8 24 
Case #261: 6 1 4 8 8 10 10 
Case #262: -1
Case #263: 5 4 4 9 11 13 
Case #264: 4 2 4 8 27 
Case #265: -1
Case #266: 7 2 3 4 6 6 9 11 
Case #267: 7 3 3 3 4 5 10 13 
Case #268: -1
Case #269: 8 1 3 3 5 5 5 5 14 
Case #270: 5 3 3 4 10 21 
Case #271: 5 6 6 9 9 11 
Case #272: -1
Case #273: -1
Case #274: 9 1 4 4 4 4 4 6 7 7 
Case #275: 5 4 4 7 9 17 
Case #276: 5 2 4 4 5 26 
Case #277: 6 2 4 4 9 11 11 
Case #278: -1
Case #279: 5 1 1 1 19 19 
Case #280: 9 1 4 4 4 5 5 5 6 7 
Case #281: 5 3 3 6 7 22 
Case #282: 9 2 3 3 3 4 4 5 7 10 
Case #283: -1
Case #284: 8 3 3 3 4 4 7 7 10 
Case #285: -1
Case #286: -1
Case #287: 18 1 1 1 1 1 1 1 1 1 1 1 1 1 1 1 1 2 23 
Case #288: 8 3 3 3 3 4 5 10 10 
Case #289: 9 3 3 3 3 3 4 5 7 10 
Case #290: 7 3 3 5 6 7 7 10 
Case #291: 6 1 1 1 1 3 34 
Case #292: 7 4 4 4 4 5 6 14 
Case #293: -1
Case #294: 7 1 1 1 4 10 10 14 
Case #295: 6 1 2 4 6 7 21 
Case #296: 8 1 1 4 5 5 5 10 10 
Case #297: 5 1 1 2 15 22 
Case #298: -1
Case #299: 3 1 3 37 
Case #300: 5 5 6 6 10 14 
Case #301: -1
Case #302: 7 4 4 4 4 4 6 15 
Case #303: 6 2 3 6 7 9 14 
Case #304: 7 1 1 1 1 8 12 17 
Case #305: -1
Case #306: -1
Case #307: 8 2 3 3 3 4 5 7 14 
Case #308: 13 1 1 1 1 1 1 1 1 1 1 5 7 19 
Case #309: 5 1 1 4 8 27 
Case #310: 5 1 1 2 16 21 
Case #311: 8 2 4 4 4 4 6 7 10 
Case #312: 21 1 1 1 1 1 1 1 1 1 1 1 1 1 1 1 1 1 1 1 3 19 
Case #313: 8 1 2 4 4 4 5 6 15 
Case #314: -1
Case #315: 5 2 4 4 4 27 
Case #316: -1
Case #317: 9 1 2 4 4 4 4 4 8 10 
Case #318: 6 3 3 4 4 5 22 
Case #319: -1
Case #320: 23 1 1 1 1 1 1 1 1 1 1 1 1 1 1 1 1 1 1 1 1 1 7 13 
Case #321: 16 1 1 1 1 1 1 1 1 1 1 1 1 1 1 2 25 
Case #322: 5 1 4 9 12 15 
Case #323: -1
Case #324: 9 3 3 3 4 4 4 5 5 10 
Case #325: 6 1 1 6 9 9 15 
Case #326: 7 1 1 4 5 10 10 10 
Case #327: 8 4 4 4 4 4 5 6 10 
Case #328: 6 1 1 1 2 8 28 
Case #329: 7 1 1 1 1 1 2 34 
Case #330: 7 1 2 4 4 5 6 19 
Case #331: 8 3 3 3 3 4 4 7 14 
Case #332: 7 3 4 4 5 5 10 10 
Case #333: -1
Case #334: -1
Case #335: 2 20 21 
Case #336: -1
Case #337: 7 1 1 1 1 1 8 28 
Case #338: 6 2 3 3 3 5 25 
Case #339: 18 1 1 1 1 1 1 1 1 1 1 1 1 1 1 1 1 4 21 
Case #340: -1
Case #341: 7 1 3 3 3 3 3 25 
Case #342: 8 1 4 4 4 4 6 7 11 
Case #343: 7 3 4 4 4 4 4 18 
Case #344: -1
Case #345: 8 2 3 4 4 4 6 9 9 
Case #346: -1
Case #347: 7 3 4 4 4 5 7 14 
Case #348: 5 3 3 10 11 14 
Case #349: -1
Case #350: 11 2 3 3 3 3 3 3 3 4 4 10 
Case #351: 6 1 3 5 5 5 22 
Case #352: -1
Case #353: 7 2 3 3 6 6 10 11 
Case #354: 4 2 8 9 22 
Case #355: 8 3 4 4 4 4 5 7 10 
Case #356: 3 2 6 33 
Case #357: 6 2 3 5 6 11 14 
Case #358: 6 1 1 1 4 9 25 
Case #359: 5 3 5 5 14 14 
Case #360: 6 1 3 3 5 10 19 
Case #361: -1
Case #362: 6 2 4 4 8 11 12 
Case #363: 6 1 4 5 6 10 15 
Case #364: 8 1 1 3 3 3 3 9 18 
Case #365: 4 1 1 2 37 
Case #366: 8 1 4 4 4 4 4 8 12 
Case #367: 6 1 1 4 6 10 19 
Case #368: 5 1 1 3 17 19 
Case #369: 5 1 4 7 7 22 
Case #370: 5 1 3 3 9 25 
Case #371: 8 1 4 4 4 4 6 9 9 
Case #372: 4 1 1 1 38 
Case #373: 9 3 3 3 3 3 5 5 6 10 
Case #374: -1
Case #375: -1
Case #376: 6 4 4 4 4 4 21 
Case #377: 6 2 4 4 8 9 14 
Case #378: 12 1 1 1 1 1 1 1 1 1 1 2 29 
Case #379: -1
Case #380: 7 1 1 1 1 1 17 19 
Case #381: 9 3 3 3 3 3 4 4 9 9 
Case #382: 7 1 2 4 6 7 8 13 
Case #383: 5 4 5 5 5 22 
Case #384: 6 3 4 4 7 9 14 
Case #385: 6 1 3 3 3 5 26 
Case #386: 5 1 1 8 12 19 
Case #387: 6 4 4 4 6 10 13 
Case #388: 7 1 2 4 4 4 4 22 
Case #389: 6 1 1 4 8 9 18 
Case #390: -1
Case #391: 5 2 5 6 6 22 
Case #392: 8 1 1 1 1 1 4 8 24 
Case #393: 9 1 1 1 1 1 3 9 9 15 
Case #394: 7 2 3 4 5 6 6 15 
Case #395: 22 1 1 1 1 1 1 1 1 1 1 1 1 1 1 1 1 1 1 1 1 1 20 
Case #396: -1
Case #397: 39 1 1 1 1 1 1 1 1 1 1 1 1 1 1 1 1 1 1 1 1 1 1 1 1 1 1 1 1 1 1 1 1 1 1 1 1 1 1 3 
Case #398: 6 4 4 6 6 7 14 
Case #399: 11 1 1 1 1 1 1 1 1 9 9 15 
Case #400: 5 1 1 4 6 29 
Case #401: 27 1 1 1 1 1 1 1 1 1 1 1 1 1 1 1 1 1 1 1 1 1 1 1 1 1 1 15 
Case #402: 6 3 3 4 10 10 11 
Case #403: 11 1 1 3 3 3 3 3 3 3 3 15 
Case #404: 7 2 4 4 5 6 6 14 
Case #405: -1
Case #406: -1
Case #407: 9 1 1 1 1 1 1 4 12 19 
Case #408: 4 2 4 14 21 
Case #409: 5 3 4 7 13 14 
Case #410: 5 2 3 6 9 21 
Case #411: 6 2 3 4 4 13 15 
Case #412: 24 1 1 1 1 1 1 1 1 1 1 1 1 1 1 1 1 1 1 1 1 1 1 1 18 
Case #413: 6 2 3 4 5 6 21 
Case #414: 8 3 3 3 4 4 6 9 9 
Case #415: 8 2 3 3 3 3 6 6 15 
Case #416: 6 1 1 1 1 12 25 
Case #417: 7 4 4 4 6 7 7 9 
Case #418: 8 1 1 1 1 2 8 10 17 
Case #419: 7 1 1 1 2 8 8 20 
Case #420: 4 5 5 10 21 
Case #421: -1
Case #422: 20 1 1 1 1 1 1 1 1 1 1 1 1 1 1 1 1 1 1 1 22 
Case #423: 6 1 4 4 4 6 22 
Case #424: 5 1 4 5 6 25 
Case #425: 6 3 3 3 4 14 14 
Case #426: -1
Case #427: 8 1 2 4 4 4 5 10 11 
Case #428: 7 1 4 5 5 6 7 13 
Case #429: 17 1 1 1 1 1 1 1 1 1 1 1 1 1 1 1 3 23 
Case #430: 6 1 4 7 7 8 14 
Case #431: 13 1 1 1 1 1 1 1 1 1 1 1 4 26 
Case #432: -1
Case #433: 7 3 3 4 7 7 7 10 
Case #434: -1
Case #435: 7 1 2 4 5 6 10 13 
Case #436: 9 3 3 3 3 3 3 4 9 10 
Case #437: 7 3 3 4 5 6 6 14 
Case #438: 6 1 4 8 8 8 12 
Case #439: 7 3 4 5 5 5 5 14 
Case #440: 5 2 8 9 11 11 
Case #441: 9 3 3 3 3 3 3 4 5 14 
Case #442: 40 1 1 1 1 1 1 1 1 1 1 1 1 1 1 1 1 1 1 1 1 1 1 1 1 1 1 1 1 1 1 1 1 1 1 1 1 1 1 1 2 
Case #443: 9 2 3 3 3 4 4 6 6 10 
Case #444: 5 4 7 7 9 14 
Case #445: 10 1 4 4 4 4 4 4 4 4 8 
Case #446: 8 2 3 3 3 3 3 9 15 
Case #447: -1
Case #448: 6 1 1 2 8 8 21 
Case #449: -1
Case #450: 16 1 1 1 1 1 1 1 1 1 1 1 1 1 1 1 26 
Case #451: 9 2 3 3 3 3 3 3 7 14 
Case #452: 6 1 4 4 6 7 19 
Case #453: 9 1 2 4 4 4 4 5 6 11 
Case #454: -1
Case #455: 5 3 3 3 10 22 
Case #456: 6 3 4 4 6 10 14 
Case #457: 3 5 17 19 
Case #458: 11 1 4 4 4 4 4 4 4 4 4 4 
Case #459: 5 1 4 6 9 21 
Case #460: 6 3 3 6 6 10 13 
Case #461: 7 3 3 4 5 5 10 11 
Case #462: 31 1 1 1 1 1 1 1 1 1 1 1 1 1 1 1 1 1 1 1 1 1 1 1 1 1 1 1 1 1 1 11 
Case #463: 8 1 1 1 2 8 8 10 10 
Case #464: 8 2 4 4 4 4 4 4 15 
Case #465: 6 2 3 4 4 6 22 
Case #466: -1
Case #467: 29 1 1 1 1 1 1 1 1 1 1 1 1 1 1 1 1 1 1 1 1 1 1 1 1 1 1 1 7 7 
Case #468: 9 2 3 3 4 4 4 6 6 9 
Case #469: -1
Case #470: 7 3 4 4 6 6 9 9 
Case #471: 5 3 3 6 10 19 
Case #472: -1
Case #473: 6 2 3 5 5 5 21 
Case #474: 6 2 3 3 5 14 14 
Case #475: 6 1 1 3 3 15 18 
Case #476: 26 1 1 1 1 1 1 1 1 1 1 1 1 1 1 1 1 1 1 1 1 1 1 1 1 1 16 
Case #477: 23 1 1 1 1 1 1 1 1 1 1 1 1 1 1 1 1 1 1 1 1 1 3 17 
Case #478: 9 2 4 4 4 4 4 4 6 9 
Case #479: 7 3 3 4 4 4 10 13 
Case #480: 6 2 3 3 3 3 27 
Case #481: 5 1 4 6 13 17 
Case #482: 7 1 2 4 5 5 10 14 
Case #483: 5 3 3 10 10 15 
Case #484: 5 4 6 6 10 15 
Case #485: 8 3 4 4 4 4 4 9 9 
Case #486: 6 2 3 3 6 13 14 
Case #487: 6 1 1 3 3 3 30 
Case #488: 21 1 1 1 1 1 1 1 1 1 1 1 1 1 1 1 1 1 1 1 11 11 
Case #489: 9 1 2 4 4 4 4 5 7 10 
Case #490: 10 2 3 3 3 4 4 4 4 4 10 
Case #491: -1
Case #492: 8 3 3 4 4 4 6 7 10 
Case #493: 7 3 3 4 4 9 9 9 
Case #494: 10 3 3 3 3 3 3 3 4 6 10 
Case #495: 7 2 3 3 3 4 11 15 
Case #496: -1
Case #497: 16 1 1 1 1 1 1 1 1 1 1 1 1 1 1 4 23 
Case #498: 7 4 5 5 5 6 6 10 
Case #499: 5 2 4 5 5 25 
Case #500: -1
Case #501: 7 2 3 4 5 6 10 11 
Case #502: -1
Case #503: 10 3 3 3 3 3 3 3 3 7 10 
Case #504: 5 2 4 5 8 22 
Case #505: -1
Case #506: 5 4 4 4 4 25 
Case #507: 5 1 4 4 9 23 
Case #508: -1
Case #509: -1
Case #510: 8 1 1 1 1 1 1 1 34 
Case #511: 4 3 3 10 25 
Case #512: 4 3 6 10 22 
Case #513: 7 1 2 5 5 7 7 14 
Case #514: 6 1 3 3 10 11 13 
Case #515: 6 3 4 6 6 9 13 
Case #516: 8 3 4 4 5 5 5 5 10 
Case #517: 6 1 1 1 8 9 21 
Case #518: 4 2 3 15 21 
Case #519: 33 1 1 1 1 1 1 1 1 1 1 1 1 1 1 1 1 1 1 1 1 1 1 1 1 1 1 1 1 1 1 1 1 9 
Case #520: 5 3 5 6 13 14 
Case #521: 7 1 2 4 4 6 10 14 
Case #522: 17 1 1 1 1 1 1 1 1 1 1 1 1 1 1 1 1 25 
Case #523: 21 1 1 1 1 1 1 1 1 1 1 1 1 1 1 1 1 1 1 1 1 21 
Case #524: 6 3 3 3 10 11 11 
Case #525: -1
Case #526: 6 2 3 4 4 14 14 
Case #527: 6 1 1 1 2 17 19 
Case #528: -1
Case #529: 7 3 3 3 3 4 10 15 
Case #530: 7 1 2 4 4 6 9 15 
Case #531: 5 3 6 6 9 17 
Case #532: 7 1 1 1 4 8 9 17 
Case #533: 8 3 3 3 3 3 3 10 13 
Case #534: 3 6 17 18 
Case #535: 8 2 3 3 4 4 4 6 15 
Case #536: 13 1 1 1 1 1 1 1 1 1 1 1 9 21 
Case #537: 5 1 3 5 6 26 
Case #538: 7 2 4 4 4 7 9 11 
Case #539: 4 4 4 6 27 
Case #540: 7 3 3 3 4 4 9 15 
Case #541: 19 1 1 1 1 1 1 1 1 1 1 1 1 1 1 1 1 1 4 20 
Case #542: 4 2 4 10 25 
Case #543: -1
Case #544: 5 1 1 8 10 21 
Case #545: 11 1 1 1 1 1 1 1 1 1 3 29 
Case #546: 5 2 3 3 14 19 
Case #547: 11 1 3 3 3 3 3 3 3 3 6 10 
Case #548: 8 1 3 3 3 5 5 7 14 
Case #549: -1
Case #550: -1
Case #551: 6 1 1 2 8 12 17 
Case #552: 6 1 1 1 1 1 36 
Case #553: 5 1 3 6 9 22 
Case #554: 13 1 1 1 1 1 1 1 1 1 1 1 1 29 
Case #555: 7 2 4 4 4 9 9 9 
Case #556: 9 2 3 3 3 4 4 4 9 9 
Case #557: 7 4 4 5 5 6 7 10 
Case #558: 7 1 4 4 4 5 10 13 
Case #559: 7 3 4 4 4 6 6 14 
Case #560: -1
Case #561: 6 4 4 6 7 9 11 
Case #562: 6 1 2 4 6 11 17 
Case #563: 8 3 3 3 3 3 5 10 11 
Case #564: 7 2 3 3 3 7 9 14 
Case #565: 7 1 1 1 1 4 12 21 
Case #566: -1
Case #567: 8 3 3 3 3 5 5 9 10 
Case #568: 7 1 1 1 5 5 11 17 
Case #569: 7 3 4 4 5 5 6 14 
Case #570: 12 1 1 1 1 1 1 1 1 1 1 4 27 
Case #571: 7 1 4 5 6 7 7 11 
Case #572: 10 1 2 4 4 4 4 4 5 6 7 
Case #573: 8 2 3 3 3 3 3 10 14 
Case #574: 6 2 4 4 9 9 13 
Case #575: 6 1 1 4 8 13 14 
Case #576: 5 3 3 4 6 25 
Case #577: 6 4 4 5 7 7 14 
Case #578: -1
Case #579: 8 3 3 4 4 4 4 4 15 
Case #580: 5 2 3 5 5 26 
Case #581: 7 2 3 3 3 4 5 21 
Case #582: -1
Case #583: -1
Case #584: 6 1 4 5 6 11 14 
Case #585: 6 2 4 5 6 10 14 
Case #586: 5 2 4 4 10 21 
Case #587: 9 1 4 4 4 4 4 4 4 12 
Case #588: -1
Case #589: 7 2 4 4 4 6 6 15 
Case #590: -1
Case #591: 7 2 3 3 4 9 9 11 
Case #592: 7 3 3 4 4 4 9 14 
Case #593: -1
Case #594: 9 2 3 3 3 3 3 4 6 14 
Case #595: 7 1 4 4 4 4 9 15 
Case #596: 5 1 4 5 5 26 
Case #597: 8 3 3 3 3 5 7 7 10 
Case #598: 9 1 1 3 3 3 3 3 10 14 
Case #599: 6 1 2 4 5 6 23 
Case #600: 5 4 4 8 10 15 
Case #601: 8 2 3 4 4 4 4 6 14 
Case #602: 6 2 3 3 4 4 25 
Case #603: 9 1 2 4 4 4 4 4 4 14 
Case #604: 7 1 4 4 4 8 9 11 
Case #605: 6 3 4 4 6 6 18 
Case #606: 6 1 4 4 4 12 16 
Case #607: 8 2 3 3 3 6 6 9 9 
Case #608: 8 1 1 1 1 1 1 8 27 
Case #609: -1
Case #610: 6 1 1 1 2 16 20 
Case #611: 4 2 6 6 27 
Case #612: 8 2 3 3 3 5 5 10 10 
Case #613: 4 4 4 15 18 
Case #614: 6 4 4 5 5 8 15 
Case #615: 4 4 4 12 21 
Case #616: 5 4 4 4 8 21 
Case #617: 9 3 3 3 3 4 4 4 7 10 
Case #618: -1
Case #619: 10 2 3 3 3 3 4 4 4 5 10 
Case #620: 6 3 3 3 4 6 22 
Case #621: 5 1 4 4 8 24 
Case #622: 9 2 3 4 4 4 4 4 6 10 
Case #623: 6 3 5 6 6 10 11 
Case #624: 15 1 1 1 1 1 1 1 1 1 1 1 1 1 5 23 
Case #625: 5 1 2 6 10 22 
Case #626: 8 2 3 4 4 5 6 7 10 
Case #627: 9 2 3 3 3 3 3 4 10 10 
Case #628: -1
Case #629: 6 3 3 4 4 10 17 
Case #630: -1
Case #631: 6 1 4 4 4 14 14 
Case #632: 7 1 1 1 1 7 9 21 
Case #633: 5 1 8 8 9 15 
Case #634: -1
Case #635: 5 3 3 4 13 18 
Case #636: 6 2 4 4 6 10 15 
Case #637: 5 1 5 10 10 15 
Case #638: 13 1 1 1 1 1 1 1 1 1 1 1 3 27 
Case #639: -1
Case #640: 8 1 2 4 4 5 5 5 15 
Case #641: 9 1 3 3 3 5 5 5 6 10 
Case #642: 10 3 3 3 3 3 4 4 4 4 10 
Case #643: 7 1 3 3 5 6 10 13 
Case #644: 6 1 2 5 5 14 14 
Case #645: -1
Case #646: 5 2 3 9 9 18 
Case #647: 6 1 1 3 9 13 14 
Case #648: 6 1 2 4 9 12 13 
Case #649: 5 1 5 5 9 21 
Case #650: 7 3 4 4 6 7 7 10 
Case #651: 7 2 4 4 4 4 11 12 
Case #652: 5 4 4 6 10 17 
Case #653: 7 4 4 4 4 8 8 9 
Case #654: 5 1 2 4 16 18 
Case #655: -1
Case #656: -1
Case #657: 8 1 3 3 5 5 7 7 10 
Case #658: 8 2 3 3 3 4 4 4 18 
Case #659: 8 3 3 5 5 5 5 5 10 
Case #660: 6 1 4 4 6 8 18 
Case #661: 13 1 1 1 1 1 1 1 1 1 1 3 7 21 
Case #662: -1
Case #663: 7 1 4 5 5 5 7 14 
Case #664: 15 1 1 1 1 1 1 1 1 1 1 1 1 1 8 20 
Case #665: 8 1 2 4 4 4 4 8 14 
Case #666: 8 1 4 4 4 4 4 6 14 
Case #667: 7 2 3 3 5 7 7 14 
Case #668: 10 1 1 3 3 3 3 3 5 5 14 
Case #669: 13 1 1 1 1 1 1 1 1 1 1 1 5 25 
Case #670: 4 1 4 15 21 
Case #671: 6 2 4 4 5 5 21 
Case #672: 7 1 2 4 4 6 7 17 
Case #673: 5 1 4 5 10 21 
Case #674: 7 3 3 3 3 4 11 14 
Case #675: 3 8 12 21 
Case #676: -1
Case #677: 7 1 1 1 2 7 7 22 
Case #678: 9 1 2 4 4 5 5 6 7 7 
Case #679: -1
Case #680: 5 2 3 3 3 30 
Case #681: 6 3 3 4 5 11 15 
Case #682: 5 4 4 4 12 17 
Case #683: 3 1 17 23 
Case #684: 7 2 4 4 4 6 10 11 
Case #685: 6 3 3 4 6 10 15 
Case #686: 7 2 3 5 5 6 6 14 
Case #687: 9 3 3 3 3 3 4 4 4 14 
Case #688: 9 3 3 3 3 3 4 6 6 10 
Case #689: 7 2 3 5 5 5 6 15 
Case #690: 6 3 3 3 9 10 13 
Case #691: 6 4 4 4 4 12 13 
Case #692: 8 1 4 4 5 6 7 7 7 
Case #693: 10 3 3 3 3 3 3 3 5 5 10 
Case #694: 4 3 5 7 26 
Case #695: 7 1 1 2 5 5 13 14 
Case #696: 8 3 3 3 4 4 4 5 15 
Case #697: -1
Case #698: 8 2 3 4 5 5 6 6 10 
Case #699: 5 1 7 8 11 14 
Case #700: 6 1 3 3 6 7 21 
Case #701: 6 1 4 4 6 13 13 
Case #702: 10 1 2 4 4 4 5 5 5 5 6 
Case #703: 10 1 1 1 1 1 1 1 1 2 31 
Case #704: 7 1 1 1 2 8 9 19 
Case #705: -1
Case #706: 6 1 1 4 6 7 22 
Case #707: 8 1 2 4 4 4 6 9 11 
Case #708: 7 3 3 3 4 7 10 11 
Case #709: 5 2 4 4 15 16 
Case #710: -1
Case #711: -1
Case #712: 9 1 3 3 3 3 3 5 6 14 
Case #713: 6 2 3 6 6 10 14 
Case #714: 11 1 2 4 4 4 4 4 4 4 4 6 
Case #715: 7 3 3 3 3 5 10 14 
Case #716: 6 1 2 6 8 9 15 
Case #717: 6 1 1 1 10 14 14 
Case #718: 27 1 1 1 1 1 1 1 1 1 1 1 1 1 1 1 1 1 1 1 1 1 1 1 1 1 5 11 
Case #719: 7 2 3 4 4 4 10 14 
Case #720: 7 1 1 1 4 11 11 12 
Case #721: 15 1 1 1 1 1 1 1 1 1 1 1 1 1 2 26 
Case #722: 7 2 3 4 4 4 9 15 
Case #723: -1
Case #724: 10 2 3 3 3 3 3 3 4 7 10 
Case #725: 5 2 6 6 9 18 
Case #726: 7 1 2 4 8 8 8 10 
Case #727: 5 4 4 6 9 18 
Case #728: 7 1 1 1 4 6 7 21 
Case #729: 6 3 3 5 5 10 15 
Case #730: 7 3 4 4 4 5 10 11 
Case #731: -1
Case #732: 7 1 1 3 3 3 5 25 
Case #733: -1
Case #734: 5 2 3 4 10 22 
Case #735: 6 1 4 4 8 10 14 
Case #736: 8 4 4 4 4 4 6 6 9 
Case #737: 7 2 3 3 4 6 10 13 
Case #738: 6 4 4 4 6 8 15 
Case #739: 7 2 3 3 3 6 10 14 
Case #740: -1
Case #741: 6 1 1 2 6 9 22 
Case #742: 8 2 3 3 4 4 4 7 14 
Case #743: 7 2 3 3 3 6 9 15 
Case #744: -1
Case #745: 5 2 3 5 10 21 
Case #746: 7 1 4 5 5 5 6 15 
Case #747: 6 2 3 3 10 10 13 
Case #748: -1
Case #749: 8 1 2 4 5 5 6 7 11 
Case #750: 6 1 1 1 1 2 35 
Case #751: 9 2 3 3 3 3 3 3 6 15 
Case #752: 9 2 3 3 4 4 4 5 6 10 
Case #753: 20 1 1 1 1 1 1 1 1 1 1 1 1 1 1 1 1 1 1 2 21 
Case #754: 7 2 3 3 3 5 11 14 
Case #755: 7 1 4 4 4 5 6 17 
Case #756: 17 1 1 1 1 1 1 1 1 1 1 1 1 1 1 1 2 24 
Case #757: 5 4 4 9 9 15 
Case #758: 7 1 2 4 4 5 10 15 
Case #759: 7 3 3 3 3 6 10 13 
Case #760: 5 2 4 4 6 25 
Case #761: -1
Case #762: 16 1 1 1 1 1 1 1 1 1 1 1 1 1 1 6 21 
Case #763: -1
Case #764: -1
Case #765: 9 1 1 1 1 1 1 1 16 18 
Case #766: 8 3 3 4 4 4 4 5 14 
Case #767: 9 2 3 3 3 3 4 4 9 10 
Case #768: -1
Case #769: 5 1 4 9 13 14 
Case #770: 19 1 1 1 1 1 1 1 1 1 1 1 1 1 1 1 1 1 5 19 
Case #771: 8 3 3 3 4 5 6 7 10 
Case #772: 7 3 3 3 4 7 7 14 
Case #773: 2 2 39 
Case #774: -1
Case #775: -1
Case #776: 7 3 3 4 5 5 6 15 
Case #777: 17 1 1 1 1 1 1 1 1 1 1 1 1 1 1 1 4 22 
Case #778: 8 3 3 3 4 4 5 5 14 
Case #779: 3 8 15 18 
Case #780: 6 2 3 4 4 7 21 
Case #781: 6 3 3 5 6 10 14 
Case #782: 5 1 2 7 10 21 
Case #783: 8 1 4 4 4 4 5 6 13 
Case #784: 8 1 1 1 1 4 10 10 13 
Case #785: 8 1 1 1 1 2 8 12 15 
Case #786: 6 4 4 8 8 8 9 
Case #787: -1
Case #788: 22 1 1 1 1 1 1 1 1 1 1 1 1 1 1 1 1 1 1 1 1 7 14 
Case #789: -1
Case #790: 6 1 1 4 8 12 15 
Case #791: 7 1 1 1 1 2 9 26 
Case #792: 19 1 1 1 1 1 1 1 1 1 1 1 1 1 1 1 1 1 3 21 
Case #793: -1
Case #794: 8 1 1 1 1 1 3 7 26 
Case #795: -1
Case #796: 5 2 4 9 9 17 
Case #797: -1
Case #798: 21 1 1 1 1 1 1 1 1 1 1 1 1 1 1 1 1 1 1 1 5 17 
Case #799: 4 3 7 9 22 
Case #800: 7 1 2 4 4 8 9 13 
Case #801: 8 1 4 4 4 4 4 4 16 
Case #802: 8 3 3 3 4 4 4 10 10 
Case #803: 3 10 10 21 
Case #804: -1
Case #805: 6 1 1 1 6 15 17 
Case #806: -1
Case #807: -1
Case #808: 8 1 2 4 4 5 5 6 14 
Case #809: 9 2 3 3 3 4 4 4 4 14 
Case #810: -1
Case #811: 8 1 3 3 3 3 5 9 14 
Case #812: 9 1 4 4 4 4 4 5 5 10 
Case #813: 8 3 3 3 5 5 6 6 10 
Case #814: 8 2 3 3 4 5 7 7 10 
Case #815: 7 3 3 3 5 6 10 11 
Case #816: -1
Case #817: 6 2 4 4 4 12 15 
Case #818: -1
Case #819: -1
Case #820: 5 1 4 8 8 20 
Case #821: 8 2 3 3 3 3 6 7 14 
Case #822: 18 1 1 1 1 1 1 1 1 1 1 1 1 1 1 1 1 1 24 
Case #823: 6 3 5 6 6 7 14 
Case #824: 5 2 4 8 9 18 
Case #825: -1
Case #826: 8 2 4 4 4 4 4 9 10 
Case #827: 8 3 3 4 5 5 5 6 10 
Case #828: 6 3 4 4 7 10 13 
Case #829: -1
Case #830: 7 1 4 4 5 6 10 11 
Case #831: 29 1 1 1 1 1 1 1 1 1 1 1 1 1 1 1 1 1 1 1 1 1 1 1 1 1 1 1 1 13 
Case #832: 8 1 4 5 5 5 5 6 10 
Case #833: 4 4 6 6 25 
Case #834: 7 2 3 4 5 6 7 14 
Case #835: 8 2 3 3 3 4 5 10 11 
Case #836: 9 1 2 4 4 4 5 5 6 10 
Case #837: 5 1 1 9 9 21 
Case #838: 19 1 1 1 1 1 1 1 1 1 1 1 1 1 1 1 1 1 7 17 
Case #839: 41 1 1 1 1 1 1 1 1 1 1 1 1 1 1 1 1 1 1 1 1 1 1 1 1 1 1 1 1 1 1 1 1 1 1 1 1 1 1 1 1 1 
Case #840: -1
Case #841: 6 2 3 5 6 10 15 
Case #842: 5 4 4 5 6 22 
Case #843: 9 3 3 4 4 4 4 4 5 10 
Case #844: 7 2 3 4 4 4 6 18 
Case #845: 6 4 5 5 6 6 15 
Case #846: 8 3 3 3 3 4 5 5 15 
Case #847: 5 4 8 9 9 11 
Case #848: 6 3 3 3 3 4 25 
Case #849: -1
Case #850: 9 1 1 1 1 1 4 8 10 14 
Case #851: -1
Case #852: 8 3 3 3 5 5 5 7 10 
Case #853: 8 2 3 3 3 4 6 6 14 
Case #854: 6 4 4 4 9 9 11 
Case #855: 7 1 1 4 5 5 11 14 
Case #856: -1
Case #857: 8 1 1 1 1 3 5 7 22 
Case #858: -1
Case #859: 8 1 4 4 4 4 7 7 10 
Case #860: 6 3 4 4 4 11 15 
Case #861: 4 6 6 10 19 
Case #862: 5 3 5 5 6 22 
Case #863: 11 1 1 1 1 1 1 1 1 3 9 21 
Case #864: -1
Case #865: 3 6 10 25 
Case #866: 7 2 3 3 4 5 10 14 
Case #867: 4 4 6 10 21 
Case #868: 6 4 4 4 5 10 14 
Case #869: 6 1 2 8 8 8 14 
Case #870: 9 1 4 4 4 4 4 4 6 10 
Case #871: 6 2 3 5 5 11 15 
Case #872: 5 3 4 9 10 15 
Case #873: 7 1 3 5 5 6 10 11 
Case #874: -1
Case #875: 5 1 2 4 9 25 
Case #876: 8 2 4 4 4 4 7 7 9 
Case #877: 6 2 3 5 7 11 13 
Case #878: 7 1 1 1 1 1 16 20 
Case #879: 6 1 4 4 5 13 14 
Case #880: 5 3 3 7 14 14 
Case #881: 7 1 2 4 4 7 10 13 
Case #882: 7 1 2 4 6 8 9 11 
Case #883: 36 1 1 1 1 1 1 1 1 1 1 1 1 1 1 1 1 1 1 1 1 1 1 1 1 1 1 1 1 1 1 1 1 1 1 1 6 
Case #884: 7 2 3 3 4 4 4 21 
Case #885: 8 2 3 3 3 3 4 9 14 
Case #886: 5 1 1 8 14 17 
Case #887: 5 2 6 6 10 17 
Case #888: -1
Case #889: 7 2 3 3 3 3 13 14 
Case #890: 7 1 4 4 4 6 11 11 
Case #891: 7 1 2 4 4 10 10 10 
Case #892: 7 1 1 1 1 8 10 19 
Case #893: 8 2 3 4 4 4 5 5 14 
Case #894: 8 1 1 1 4 6 7 7 14 
Case #895: 5 3 3 4 5 26 
Case #896: 9 3 3 3 3 4 5 5 5 10 
Case #897: 7 2 4 4 4 4 8 15 
Case #898: 8 2 3 3 3 3 3 6 18 
Case #899: 6 4 4 4 6 9 14 
Case #900: 8 2 3 3 4 4 5 10 10 
Case #901: 9 2 3 3 3 3 3 5 5 14 
Case #902: 6 2 3 3 5 7 21 
Case #903: 8 3 3 4 4 4 4 9 10 
Case #904: 4 4 5 6 26 
Case #905: 9 1 1 1 1 1 1 4 9 22 
Case #906: 9 2 3 3 3 3 5 6 6 10 
Case #907: 11 1 1 1 1 1 1 1 1 1 1 31 
Case #908: 7 1 4 4 4 8 8 12 
Case #909: 6 2 3 4 6 11 15 
Case #910: 7 1 1 1 1 1 4 32 
Case #911: 6 1 2 4 8 8 18 
Case #912: 8 3 3 3 3 3 4 4 18 
Case #913: -1
Case #914: 38 1 1 1 1 1 1 1 1 1 1 1 1 1 1 1 1 1 1 1 1 1 1 1 1 1 1 1 1 1 1 1 1 1 1 1 1 1 4 
Case #915: 5 1 1 1 2 36 
Case #916: 6 1 1 8 8 10 13 
Case #917: 3 2 9 30 
Case #918: 12 1 1 1 1 1 1 1 1 1 1 1 30 
Case #919: -1
Case #920: 7 3 4 4 4 5 6 15 
Case #921: 6 4 4 6 6 10 11 
Case #922: 6 4 4 4 4 10 15 
Case #923: 4 2 8 10 21 
Case #924: 3 2 14 25 
Case #925: 8 1 2 4 4 4 6 7 13 
Case #926: -1
Case #927: 6 2 4 4 8 8 15 
Case #928: 5 4 4 6 6 21 
Case #929: 6 1 3 3 5 7 22 
Case #930: -1
Case #931: 9 2 3 3 3 3 4 4 4 15 
Case #932: 9 2 3 3 3 3 3 4 5 15 
Case #933: 5 3 5 6 6 21 
Case #934: 3 6 14 21 
Case #935: 5 1 2 8 9 21 
Case #936: 6 2 3 4 9 10 13 
Case #937: 8 1 4 4 5 5 5 6 11 
Case #938: 10 1 1 1 1 1 1 1 1 3 30 
Case #939: 6 3 3 3 5 10 17 
Case #940: 9 3 3 3 3 3 3 4 4 15 
Case #941: -1
Case #942: -1
Case #943: -1
Case #944: 10 1 1 1 1 1 1 1 1 4 29 
Case #945: 9 1 1 1 1 1 1 2 12 21 
Case #946: 5 2 4 6 8 21 
Case #947: 7 1 1 1 5 7 7 19 
Case #948: 7 1 2 4 4 4 5 21 
Case #949: 8 3 3 3 4 4 4 6 14 
Case #950: 7 2 3 3 3 4 4 22 
Case #951: 7 2 3 3 6 6 7 14 
Case #952: 7 3 3 4 4 6 6 15 
Case #953: 7 3 3 3 6 6 9 11 
Case #954: 8 2 3 3 4 4 5 5 15 
Case #955: -1
Case #956: -1
Case #957: 6 1 4 6 8 11 11 
Case #958: -1
Case #959: 6 1 3 3 3 9 22 
Case #960: 9 1 1 1 1 1 1 1 2 32 
